43,30,73,-79
20,21,-72,96
24,57,-95,97
29,86,-19,83
30,80,-91,-16
45,19,30,-89
12,29,45,-46
86,51,-31,8
87,41,19,-16
86,1,-48,-91
20,18,-37,36
12,28,99,26
30,14,41,-2
55,101,29,-78
58,100,-89,25
87,45,79,16
70,29,-92,-45
31,1,-59,-34
46,45,19,-46
97,76,93,-6
83,50,53,66
0,37,89,-72
3,39,-13,-79
69,14,29,-65
45,81,61,-20
94,28,76,3
37,73,81,-29
7,15,-8,-18
21,57,97,-78
39,66,88,70
29,40,82,-87
69,68,38,-6
64,79,-81,-85
96,76,43,-29
91,77,-37,66
49,22,25,38
45,79,-68,26
14,53,-43,-37
33,21,-90,94
39,78,-71,91
24,36,87,-63
79,91,34,11
22,66,87,66
14,65,47,74
33,102,-11,-87
80,27,-72,-48
75,60,-39,65
14,61,88,49
49,67,10,-29
16,15,55,-3
73,86,54,35
2,71,-94,15
19,91,83,-60
87,41,-4,76
31,96,91,85
97,13,8,14
76,15,39,70
22,48,49,-62
33,43,-66,1
7,93,-3,-83
70,35,84,-95
38,85,26,-52
26,8,26,-26
62,72,-65,-98
48,89,69,-66
93,51,-78,25
38,62,72,56
85,26,-47,-1
99,13,-94,-48
75,28,-87,-98
75,102,-71,93
28,34,46,-37
66,76,70,3
26,79,-68,85
7,102,22,99
1,28,31,24
62,25,-16,-96
96,95,-93,28
70,56,-88,-27
1,90,-7,-76
69,70,65,99
21,79,-24,3
1,35,-3,-24
44,73,-60,-61
93,89,13,60
26,95,82,68
21,19,-74,30
8,70,-3,-61
26,52,-14,56
14,43,27,95
62,94,-21,85
49,91,30,-75
38,101,-45,-55
69,75,-16,66
52,25,8,-72
22,66,46,-92
10,28,22,-8
30,88,53,6
76,40,13,16
65,15,59,-66
61,50,30,64
58,61,40,34
33,77,35,-48
35,10,-90,84
15,43,-8,-64
92,82,-73,-61
17,83,-14,50
71,43,-30,-91
30,31,40,-36
18,21,-96,-29
25,96,26,-91
96,20,99,22
13,53,97,-37
0,29,-12,-79
78,62,23,-29
100,62,-63,35
35,66,20,-74
92,29,84,-23
61,90,30,83
3,42,-18,-79
79,41,44,95
80,27,-73,-89
81,4,29,21
66,96,-20,-90
18,66,-75,74
59,92,45,13
76,58,-37,-54
6,54,93,-15
84,56,-12,26
25,84,-83,19
35,19,46,-56
97,71,43,-77
22,94,-29,-51
40,63,42,14
86,33,54,-41
0,47,27,18
77,9,-95,-41
53,44,-61,64
2,53,8,16
66,71,-37,-6
51,25,-77,24
99,24,-17,-45
60,76,-56,-13
45,9,-15,-90
43,86,71,-44
35,40,-15,-24
96,74,-53,90
29,38,-14,-71
39,24,-55,39
98,65,38,-44
66,52,24,58
12,1,27,-66
38,77,-24,20
83,55,-53,-15
92,30,58,-64
36,49,-90,96
98,93,-79,-83
46,97,91,6
48,27,-67,-78
6,88,-3,-68
4,84,-13,60
38,46,11,64
62,17,-5,-97
52,2,-86,-89
97,86,69,36
57,1,65,-98
18,17,14,55
5,87,13,67
70,59,80,-22
76,89,-82,12
46,27,91,47
15,101,57,92
43,67,-25,-92
81,26,84,31
16,17,22,22
52,67,-66,66
64,92,-31,-51
89,47,-83,-55
9,88,-74,-99
38,41,71,-71
81,12,38,23
24,47,-50,34
58,35,29,28
17,47,32,18
99,20,28,-1
73,43,29,-55
45,34,-11,-48
57,1,71,-75
27,57,-89,62
65,63,-71,-60
44,75,-25,78
31,12,19,-75
15,28,-21,-2
43,36,6,-70
46,78,-85,66
48,56,94,-97
91,86,-71,-73
61,41,-52,-36
49,77,-63,-57
1,59,-7,-37
73,31,24,46
42,41,-55,40
62,64,-57,9
78,27,-37,-39
32,45,97,-87
3,1,29,-30
68,64,-92,-21
25,10,82,85
28,32,79,25
21,79,51,66
46,99,-20,-28
9,42,-99,71
99,29,-3,30
47,94,15,13
82,73,68,91
10,60,-23,33
75,75,54,74
98,28,-53,32
28,84,21,-45
75,97,-85,5
66,79,-60,-93
79,86,64,75
3,65,98,50
75,64,39,57
1,11,-73,-11
36,34,-65,95
50,94,-96,5
12,37,97,64
81,77,60,-46
74,41,-35,-64
79,1,77,-80
78,0,75,46
50,60,25,65
61,90,-49,-68
7,49,82,-48
55,1,-36,83
39,45,60,83
42,79,-35,-52
62,95,-97,-60
63,88,-21,76
49,39,80,24
81,53,44,-28
67,69,-7,16
50,76,40,-59
86,78,94,-38
52,84,46,83
0,51,-12,-93
6,66,-33,78
0,5,-99,-82
98,33,-28,-38
48,19,42,81
11,1,-89,-91
62,99,60,76
36,62,99,-22
1,59,42,88
96,62,-28,57
76,102,-85,11
86,90,-17,-43
41,95,75,11
73,85,-72,60
40,38,35,64
11,11,7,-34
21,50,11,64
1,21,-68,70
70,73,44,58
97,51,43,-46
34,23,57,55
56,29,79,18
38,64,31,50
77,16,-9,56
3,53,-8,-23
21,33,-79,9
31,48,-95,72
56,97,-66,-75
96,90,-83,75
41,45,80,3
93,18,-78,7
60,13,-86,76
24,13,77,54
28,47,21,-85
19,82,33,-93
32,45,21,40
43,84,-45,-67
52,46,-2,34
92,64,93,81
54,67,-76,3
12,54,98,-29
100,62,-33,-93
11,26,39,-16
7,98,-30,-93
53,52,40,-62
74,68,-36,-20
4,37,-44,96
58,22,-66,23
63,1,-41,21
92,47,-73,33
38,84,17,-94
94,41,-98,-87
78,81,-57,-52
14,28,-95,-31
100,67,48,-5
66,29,90,-72
86,32,67,-8
87,101,94,85
54,65,-45,-45
0,5,-53,44
4,68,73,11
64,31,-92,55
69,59,-92,-70
37,30,80,-11
100,57,93,9
19,99,31,-18
17,42,62,56
28,93,27,5
53,88,30,-28
19,25,82,48
42,78,-66,9
63,39,60,8
1,57,51,42
62,6,-5,-42
76,43,-88,48
99,1,-43,-91
93,40,-2,40
41,68,-97,20
28,99,-4,77
78,13,-82,-34
82,27,79,-40
90,64,33,-22
20,85,-81,-34
70,19,14,86
66,67,-52,25
55,86,25,-44
61,10,50,46
60,50,-15,96
30,71,16,19
70,8,-82,6
77,5,-83,93
32,21,-11,-54
37,66,-63,18
97,80,33,43
47,81,31,-17
20,71,62,-5
6,13,67,30
3,60,71,75
95,57,28,-5
29,40,77,87
40,100,-20,13
24,32,87,55
30,94,-4,-82
11,102,-58,37
0,26,48,-25
0,26,61,-38
81,15,65,54
19,59,-14,-22
51,100,-24,17
96,14,48,-18
0,86,68,-82
10,27,93,78
85,77,-9,-80
84,43,-2,96
46,22,-20,-40
68,75,24,50
29,89,-19,67
65,78,65,11
82,11,95,85
83,48,18,26
61,58,38,19
35,77,36,-99
63,6,-31,-42
98,71,22,99
2,25,-43,-64
54,67,-66,-5
10,88,-25,2
83,71,17,50
88,19,-22,46
20,2,42,-26
8,44,-48,-6
11,15,-58,-34
51,54,55,-7
15,70,-24,-75
74,62,68,-31
75,84,14,83
48,25,-15,-88
47,100,81,-90
88,6,-2,22
26,85,-24,-83
95,67,76,83
19,101,-34,52
46,51,76,-22
90,0,33,-27
6,1,63,-90
8,72,98,-76
99,89,56,59
22,84,-44,-60
42,25,-38,82
59,45,-31,-63
14,9,-95,1
2,45,-58,-2
65,46,-1,49
74,13,84,5
9,62,-19,-15
61,76,-86,-56
97,44,-84,-38
61,27,65,-9
22,73,47,50
1,57,-43,57
76,77,-47,-20
77,24,-32,-1
53,22,45,46
38,81,61,-92
92,58,-57,-21
86,18,63,6
40,90,87,3
15,25,-59,-64
20,6,-8,52
5,76,-95,-98
43,61,-52,29
83,34,36,18
2,81,47,66
7,52,12,65
22,0,12,-49
80,59,-17,49
60,20,30,41
47,76,14,21
43,96,71,37
11,1,92,-43
57,88,-42,-46
70,70,4,-13
61,31,-11,-56
31,28,45,40
43,64,-10,2
53,98,-86,-98
39,96,-40,-35
53,82,38,-84
3,85,-94,4
44,4,75,11
74,49,-69,-81
0,73,78,-30
90,77,-20,84
3,5,-3,-82
37,18,96,-8
20,100,87,-82
93,59,-73,42
90,82,43,-84
53,73,-91,-53
26,14,97,-26
90,16,18,-41
28,2,-5,-78
46,1,-11,17
33,1,-65,-98
80,24,-16,-80
19,83,47,-92
10,49,-14,-31
5,29,-84,30
80,61,11,-72
36,35,-14,78
85,24,23,-63
63,39,45,-16
10,95,4,88
14,56,-67,10
9,2,-64,13
79,63,-73,65
38,7,24,96
1,7,-33,-65
16,13,39,8
32,84,92,58
85,83,83,-49
55,102,-42,56
14,43,-18,-64
75,38,29,79
25,3,-44,78
34,47,-26,-22
88,56,13,-94
45,17,-90,-58
85,20,-17,14
49,2,-49,18
39,83,82,-67
38,76,-98,-79
46,94,54,14
11,75,-63,13
59,51,-92,-67
96,69,68,-93
42,96,-68,-84
97,19,-58,-2
21,33,-8,39
28,6,82,93
15,74,-80,-50
84,24,-28,30
84,74,99,27
2,23,99,-1
65,100,59,-82
89,99,29,-97
85,56,-92,91
90,81,-83,-12
94,21,33,-97
67,34,82,-19
88,37,-43,41
88,67,54,-14
35,98,29,-22
19,9,-44,-18 